#1. Apis mellifera <honey bee>/
1,2 2,1 3,2 4,2 5,3 6,2 7,2 8,3 9,3 10,3 11,2 12,1 13,1 14,3 15,4 16,2 17,3 18,4 19,1 20,3/

#2. Drosophila melanogaster <fruit fly>/
1,1 2,1 3,2 4,2 5,3 6,1 7,2 8,2 9,2 10,2 11,2 12,2 13,1 14,3 15,3 16,2 17,1 18,3 19,1 20,1/

#3. Anopheles gambiae <mosquito>/
1,1 2,1 3,2 4,2 5,3 6,1 7,2 8,2 9,2 10,2 11,1 12,2 13,3 14,3 15,3 16,2 17,1 18,2 19,2 20,1/

#4. Aranea diadematus <garden spider>/
1,2 2,1 3,1 4,2 5,1 6,1 7,3 8,2 9,1 10,1 11,1 12,1 13,1 14,1 15,1 16,1 17,1 18,3 19,3 20,2/

#5. Scolopendra cingulata <centipede>/
1,2 2,1 3,4 4,2 5,1 6,1 7,4 8,2 9,2 10,1 11,1 12,1 13,1 14,1 15,1 16,1 17,1 18,3 19,1 20,1/

#6. Astacus astacus <crayfish>/
1,3 2,1 3,3 4,2 5,1 6,1 7,4 8,3 9,2 10,2 11,1 12,1 13,1 14,1 15,1 16,1 17,1 18,1 19,1 20,1/

#7. Gryllus bimaculatus <cricket>/
1,2 2,1 3,2 4,2 5,2 6,1 7,2 8,3 9,3 10,2 11,2 12,1 13,1 14,2 15,3 16,1 17,1 18,3 19,1 20,1/

#8. Periplaneta americana <cockroach>/
1,2 2,1 3,2 4,2 5,2 6,2 7,2 8,3 9,3 10,2 11,2 12,1 13,1 14,2 15,3 16,1 17,1 18,3 19,1 20,1/

#9. Mantis religiosa <praying mantis>/
1,2 2,1 3,2 4,2 5,3 6,2 7,2 8,3 9,3 10,3 11,2 12,1 13,1 14,2 15,3 16,1 17,1 18,3 19,2 20,1/

#10. Papilio machaon <swallowtail butterfly>/
1,2 2,1 3,2 4,2 5,3 6,2 7,2 8,3 9,3 10,3 11,2 12,2 13,1 14,3 15,4 16,2 17,1 18,4 19,4 20,1/
